60950
49638
31308
94914
82798
72850
79421
87820
98375
95812
93602
64096
20530
43214
14770
19574
92579
10870
86384
65926
95193
17352
82798
42403
17352
68379
17811
90827
37527
69778
32404
44965
46099
63445
27046
20530
57298
99003
74954
34105
73814
51318
46022
44642
96969
49159
23840
86704
89064
92543
88369
73317
44160
14598
46875
99003
19574
23840
99735
51318
72878
33238
31504
69398
10870
79136
24276
55421
46875
33198
76959
29550
88369
35769
20200
58414
20414
24696
47814
89616
36007
63762
18927
54026
83062
12795
19574
71532
36666
85172
85172
63381
91608
99003
44394
17352
82252
10870
98869
25208
44758
94436
42015
69895
59486
17811
49575
33987
41554
41472
20530
20200
49776
23840
88369
59605
24766
60581
32404
49338
51318
23840
25366
64300
10870
10870
99003
36666
58520
21021
39770
23840
24252
31414
99874
12567
87301
12845
94436
33420
36762
91072
20530
51318
39809
93602
24889
85209
88117
68135
93602
14598
99003
10870
30381
46022
23840
17352
68950
49209
15186
13349
38006
44394
19534
19006
87523
36752
85209
32444
10870
88369
44648
17352
88369
69481
39320
13349
19574
85172
20200
31279
33747
86304
77460
39320
87130
15410
72850
46022
64125
60950
88580
46022
12845
67959
92579
98117
22568
46818
72873
19661
48658
60950
66758
46875
23570
28941
62352
46022
17811
14598
98819
70060
36401
63107
60950
32404
36606
89908
66724
82887
98507
60950
99777
90281
69067
77174
31279
41554
76733
86032
34984
39320
80530
35718
73310
56302
12644
32659
46875
88369
61401
19574
99381
99003
77236
10870
99735
93480
52563
99003
32404
53413
61865
52578
85172
17811
61341
39124
94153
15193
15821
76895
85172
23840
51318
85172
46875
98333
78640
14598
22851
35811
86540
32404
58367
82218
99735
64140
28678
78102
19574
90281
88560
55410
90281
77816
72850
79705
31866
72850
85172
82798
36494
90281
60764
20530
80854
28777
51318
72850
23511
46778
17352
84344
87301
73454
60950
36666
32404
43452
36666
27046
63339
32404
41554
76384
51318
34929
23840
17811
13349
20530
39658
28890
39602
19780
60950
21533
91814
76018
40645
27046
93602
50429
82421
85172
99003
68678
45196
85172
96967
64416
28760
49209
13036
25049
80163
90281
22870
17352
85209
46748
13318
86570
17811
12554
31279
28731
25307
20683
51679
60665
46875
96428
48663
83722
52130
71064
72850
81541
88917
82798
13349
69674
89186
76205
10870
93561
87504
97792
99003
95219
72254
20241
49592
46875
36666
92579
26453
17352
66675
31279
69055
37364
98234
67948
52760
98639
27046
27046
90281
24766
82069
17352
10464
51318
24252
27046
11070
20530
67520
74641
14208
24766
68056
23840
12845
17811
20530
70562
32404
23840
60884
10870
36937
79377
82798
17811
81965
60950
46183
32404
62356
42550
61565
48168
27705
72447
97390
97543
39320
72850
47302
13713
84586
20530
84960
87301
18648
92620
95051
46022
85172
23970
24766
23485
24766
12845
97679
87301
87301
90281
99003
12845
33467
94041
49209
33662
88369
76043
46875
87301
54418
20530
12845
84792
41554
65903
15049
23393
27655
10870
78468
85172
74733
16180
51318
18196
85172
48165
97826
51609
78526
92903
62444
17352
68779
49209
99735
84903
37409
85533
96379
33036
23840
87366
46731
27046
58444
39320
80340
47980
86692
53720
57298
85172
94436
72257
16995
14598
12845
34877
10870
37193
73107
64788
96478
20530
41554
13349
43950
46022
51318
27518
52659
55643
46875
44659
85942
41554
13573
20530
27046
47883
66716
94436
13835
47578
27046
40352
99003
86884
50077
59737
53132
82798
76756
80464
32404
32404
36666
17352
24567
51318
62699
88369
17393
51318
65043
42548
88369
19788
17352
23840
60950
50409
50949
87976
10769
41554
44394
74623
46875
86119
36666
18100
28288
85175
73788
40289
89290
99735
26094
12845
32404
43254
16119
59605
27046
24766
99003
12845
82798
63373
85172
87301
65294
85209
28648
88812
82995
72320
80865
78887
24766
32095
48334
58704
12845
14598
88548
69626
67845
85172
99003
15395
21232
23840
14598
32404
69944
51318
16006
85209
24766
35318
94436
88485
31279
45332
92579
83343
17811
13517
96843
54855
59112
19574
37842
87301
72591
89415
36666
88369
18398
24252
10397
12845
19574
62837
67656
12845
36666
19574
22897
17811
13349
49209
71061
85003
28828
28473
12845
62295
85383
49331
17352
89989
24766
88369
58715
32404
84611
99003
11412
66456
94970
74875
50501
98501
74927
60997
95234
39320
62977
20570
27046
46875
94223
79621
80687
17322
87301
29585
23840
19574
10870
27046
17352
78295
24791
94436
12845
49905
27046
39320
87301
39331
21205
31692
72850
91006
84255
40818
52987
60950
87538
19159
43143
32208
23840
32404
75497
32404
31279
98683
85172
99003
70112
46022
88369
25937
25375
28451
19574
46875
17811
54069
59029
87301
80404
52594
10952
91631
59965
42548
80377
31212
11321
99003
51732
39961
46875
62666
41644
41554
19574
96788
93469
78835
90378
45455
19811
38053
95310
12652
88369
97345
32404
72850
94436
85172
83143
46875
17811
53747
85172
51318
36666
36666
87028
48785
94915
46022
74300
61982
89642
22838
23840
31279
49209
46826
87301
17811
41554
71452
88369
55867
95213
12845
20530
67001
23840
48955
39867
77019
20530
93201
17586
41181
80727
99055
82718
61735
80967
12845
20530
41824
87301
94436
67725
22450
96722
82562
69206
17811
24766
41554
60727
90281
13349
60950
94271
80804
20530
88369
32947
49209
88369
60082
82580
13349
12845
28932
77829
39365
92579
81861
51350
42548
77114
87301
84124
56474
76586
87832
32404
88369
22433
30520
18267
73191
41554
36666
20200
51318
23840
22773
20249
85209
10870
88369
10246
63888
39320
45220
10320
36160
52644
64027
57768
40811
77880
20200
93936
85172
94436
76808
38430
29108
72165
43129
44170
88369
56992
39320
86708
30429
70293
68766
76575
41520
31254
23840
93602
82798
48255
20530
25496
41554
67658
88369
93514
26380
82798
28981
70224
78572
28610
47914
75916
42548
39320
78173
51318
93602
20600
47594
58718
87301
39670
59605
20200
98299
53969
51318
63713
42047
90281
51318
36666
12845
20200
32404
32404
99391
17352
46875
20530
10870
47197
99003
82219
28881
88379
44694
94436
40762
17352
84760
80773
90281
24766
55460
10870
46875
63285
70993
50008
87301
17811
47037
52299
12845
87301
59862
10870
36666
11340
68145
14598
46622
78829
71967
57796
82348
12845
51318
